# Instr       BEFORE del R/D    sig R/D             AFTER del R/D     sig R/D

HSC           0.0215  0.0197    0.190 0.185         0.0181  0.0229    0.152 0.148
SupCam        0.0000  0.0000    0.000 0.000         0.0000  0.0000    0.000 0.000
UDS           0.0173  0.0142    0.174 0.177        -0.0022  0.0116    0.133 0.135
VIDEO         0.0287  0.0186    0.191 0.182         0.0242  0.0275    0.153 0.151
CFHT          0.0024  0.0208    0.143 0.147         0.0098  0.0299    0.110 0.115
CFHTLS        0.0011  0.0026    0.138 0.137        -0.0194 -0.0188    0.108 0.108
# IRAC          0.0015  0.0048    0.184 0.176         0.0007  0.0072    0.151 0.142

SupCam-B-1   -0.0234 -0.0110    0.177 0.173        -0.0189 -0.0147    0.139 0.142
SupCam-B-2   -0.0206 -0.0258    0.180 0.176        -0.0145 -0.0194    0.137 0.137
SupCam-B-3   -0.0273 -0.0231    0.177 0.176        -0.0275 -0.0132    0.142 0.141
SupCam-B-4   -0.0217 -0.0530    0.204 0.211        -0.0257 -0.0170    0.145 0.147
SupCam-B-5   -0.0174  0.0201    0.174 0.186        -0.0115 -0.0195    0.146 0.142

SupCam-V-1   -0.0207 -0.0114    0.166 0.165        -0.0160 -0.0051    0.127 0.133
SupCam-V-2   -0.0179 -0.0184    0.168 0.167        -0.0092 -0.0111    0.129 0.128
SupCam-V-3   -0.0247 -0.0178    0.167 0.166        -0.0199 -0.0084    0.130 0.131
SupCam-V-4   -0.0145 -0.0503    0.193 0.199        -0.0223 -0.0114    0.138 0.135
SupCam-V-5   -0.0147  0.0161    0.168 0.179        -0.0011 -0.0166    0.139 0.134

SupCam-R-1   -0.0205 -0.0123    0.165 0.166        -0.0180 -0.0116    0.130 0.135
SupCam-R-2   -0.0206 -0.0243    0.171 0.169        -0.0146 -0.0172    0.131 0.130
SupCam-R-3   -0.0252 -0.0198    0.165 0.166        -0.0208 -0.0094    0.132 0.136
SupCam-R-4   -0.0161 -0.0539    0.191 0.203        -0.0284 -0.0163    0.142 0.137
SupCam-R-5   -0.0159  0.0190    0.169 0.180        -0.0013 -0.0229    0.146 0.138

SupCam-i-1   -0.0211 -0.0126    0.165 0.166        -0.0157 -0.0132    0.130 0.134
SupCam-i-2   -0.0231 -0.0272    0.170 0.169        -0.0139 -0.0178    0.130 0.131
SupCam-i-3   -0.0246 -0.0210    0.163 0.168        -0.0224 -0.0046    0.132 0.138
SupCam-i-4   -0.0143 -0.0537    0.192 0.205        -0.0240 -0.0158    0.140 0.138
SupCam-i-5   -0.0144  0.0163    0.169 0.178        -0.0082 -0.0238    0.139 0.137

SupCam-z-1   -0.0222 -0.0131    0.166 0.166        -0.0214 -0.0185    0.132 0.133
SupCam-z-2   -0.0220 -0.0234    0.168 0.168        -0.0214 -0.0185    0.132 0.133
SupCam-z-3   -0.0245 -0.0193    0.162 0.165        -0.0253 -0.0119    0.132 0.132
SupCam-z-4   -0.0170 -0.0515    0.188 0.200        -0.0227 -0.0158    0.139 0.136
SupCam-z-5   -0.0176  0.0144    0.169 0.178        -0.0151 -0.0218    0.135 0.135